MAE:0.776915960464412
RMSE:1.0477744464661995
